Debug file 
Rotation angle in radians: 0.171875
X vector turning 
-1.56641
-3.09375
-4.54297
-5.88281
-7.07812
-8.09766
-8.91797
-9.51953
-9.88281
-10.0039
-9.87891
-9.51172
-8.91016
-8.08594
-7.0625
-5.86719
-4.52734
-3.07422
-1.54297
0.0234375
1.58984
3.11719
4.57031
5.91016
7.10547
8.125
8.94531
9.54688
9.91406
10.0352
9.91016
9.54297
8.94141
8.11719
7.09375
5.89844
4.55859
3.10547
1.57422
0.0078125
-1.55859
-3.08594
-4.53906
-5.87891
-7.07422
-8.09375
-8.91406
-9.51562
-9.88281
-10.0078
-9.88672
-9.51953
-8.91797
-8.09766
-7.07812
-5.88281
-4.54297
-3.08984
-1.5625
0.00390625
1.57031
3.09766
4.55078
5.89062
7.08594
8.10547
8.92578
9.52734
9.89453
10.0195
9.89844
9.53125
8.92969
8.10938
7.08984
5.89453
4.55469
3.10547
1.57812
0.0117188
-1.55469
-3.08203
-4.53125
-5.87109
-7.0625
-8.08203
-8.90234
-9.50391
-9.87109
-9.99219
-9.86719
